-0.31 -0.64
-0.31 -0.64
-0.30 -0.64
-0.30 -0.64
-0.29 -0.64
-0.29 -0.63
-0.29 -0.63
-0.29 -0.63
-0.29 -0.63
-0.28 -0.63
-0.28 -0.63
-0.27 -0.62
-0.27 -0.62
-0.26 -0.61
-0.26 -0.61
-0.26 -0.60
-0.26 -0.60
-0.25 -0.60
-0.25 -0.59
-0.25 -0.59
-0.25 -0.59
-0.25 -0.59
-0.25 -0.58
-0.24 -0.58
-0.24 -0.58
-0.24 -0.58
-0.24 -0.57
-0.24 -0.57
-0.24 -0.57
-0.24 -0.57
-0.24 -0.56
-0.23 -0.56
-0.23 -0.56
-0.22 -0.55
-0.22 -0.54
-0.20 -0.53
-0.20 -0.53
-0.20 -0.52
-0.19 -0.52
-0.19 -0.52
-0.19 -0.52
-0.19 -0.52
-0.18 -0.52
-0.18 -0.51
-0.17 -0.51
-0.17 -0.51
-0.16 -0.51
-0.16 -0.51
-0.16 -0.51
-0.16 -0.51
-0.15 -0.51
-0.15 -0.51
-0.14 -0.51
-0.14 -0.50
-0.13 -0.50
-0.13 -0.50
-0.12 -0.50
-0.12 -0.50
-0.11 -0.50
-0.11 -0.50
-0.10 -0.50
-0.10 -0.50
-0.10 -0.50
-0.09 -0.49
-0.09 -0.49
-0.09 -0.49
-0.09 -0.49
-0.08 -0.49
-0.08 -0.49
-0.08 -0.48
-0.07 -0.48
-0.06 -0.47
-0.06 -0.47
-0.06 -0.47
-0.06 -0.47
-0.05 -0.46
-0.05 -0.46
-0.05 -0.46
-0.05 -0.46
-0.05 -0.45
-0.05 -0.45
-0.04 -0.45
-0.04 -0.44
-0.04 -0.44
-0.04 -0.44
-0.04 -0.44
-0.04 -0.43
-0.04 -0.43
-0.04 -0.42
-0.04 -0.42
-0.04 -0.41
-0.04 -0.41
-0.04 -0.41
-0.04 -0.40
-0.04 -0.40
-0.04 -0.40
-0.04 -0.40
-0.04 -0.40
-0.05 -0.39
-0.05 -0.38
-0.08 -0.36
-0.08 -0.36
-0.09 -0.35
-0.09 -0.35
-0.09 -0.34
-0.09 -0.34
-0.09 -0.34
-0.09 -0.34
-0.09 -0.34
-0.09 -0.33
-0.10 -0.33
-0.10 -0.32
-0.09 -0.32
-0.09 -0.31
-0.09 -0.31
-0.09 -0.31
-0.09 -0.30
-0.09 -0.30
-0.09 -0.30
-0.09 -0.30
-0.09 -0.29
-0.09 -0.29
-0.08 -0.29
-0.08 -0.29
-0.08 -0.28
-0.08 -0.28
-0.08 -0.28
-0.08 -0.28
-0.08 -0.28
-0.08 -0.27
-0.08 -0.27
-0.08 -0.27
-0.07 -0.27
-0.07 -0.26
-0.07 -0.26
-0.07 -0.26
-0.07 -0.26
-0.07 -0.25
-0.07 -0.25
-0.07 -0.24
-0.07 -0.24
-0.07 -0.24
-0.07 -0.23
-0.07 -0.24
-0.07 -0.23
-0.07 -0.23
-0.07 -0.23
-0.08 -0.23
-0.08 -0.23
-0.09 -0.22
-0.09 -0.22
-0.09 -0.22
-0.09 -0.22
-0.10 -0.22
-0.10 -0.22
-0.11 -0.22
-0.11 -0.22
-0.11 -0.22
-0.11 -0.22
-0.11 -0.22
-0.12 -0.22
-0.12 -0.23
-0.13 -0.23
-0.13 -0.22
-0.13 -0.22
-0.13 -0.22
-0.13 -0.22
-0.13 -0.22
-0.15 -0.20
-0.15 -0.20
-0.17 -0.18
-0.17 -0.18
-0.18 -0.17
-0.18 -0.17
-0.18 -0.17
-0.18 -0.17
-0.18 -0.16
-0.18 -0.16
-0.18 -0.16
-0.18 -0.16
-0.19 -0.16
-0.19 -0.15
-0.19 -0.15
-0.19 -0.15
-0.19 -0.15
-0.19 -0.14
-0.19 -0.14
-0.19 -0.14
-0.20 -0.14
-0.20 -0.14
-0.20 -0.13
-0.20 -0.13
-0.20 -0.13
-0.20 -0.13
-0.20 -0.12
-0.20 -0.12
-0.20 -0.12
-0.20 -0.11
-0.21 -0.11
-0.21 -0.10
-0.20 -0.09
-0.20 -0.09
-0.20 -0.09
-0.20 -0.09
-0.20 -0.08
-0.20 -0.08
-0.19 -0.08
-0.19 -0.07
-0.19 -0.07
-0.18 -0.07
-0.18 -0.07
-0.18 -0.07
-0.18 -0.07
-0.18 -0.07
-0.17 -0.07
-0.17 -0.06
-0.17 -0.06
-0.17 -0.06
-0.17 -0.06
-0.16 -0.06
-0.16 -0.06
-0.16 -0.06
-0.16 -0.06
-0.15 -0.06
-0.15 -0.06
-0.15 -0.05
-0.15 -0.05
-0.15 -0.05
-0.14 -0.05
-0.14 -0.05
-0.14 -0.05
-0.13 -0.05
-0.13 -0.05
-0.13 -0.05
-0.12 -0.05
-0.12 -0.04
-0.11 -0.04
-0.11 -0.04
-0.10 -0.04
-0.10 -0.04
-0.08 -0.04
-0.08 -0.04
-0.07 -0.04
-0.07 -0.04
-0.06 -0.04
-0.06 -0.03
-0.05 -0.03
-0.05 -0.03
-0.05 -0.03
-0.04 -0.03
-0.04 -0.03
-0.04 -0.03
-0.03 -0.03
-0.03 -0.03
-0.03 -0.03
-0.03 -0.02
-0.03 -0.02
-0.02 -0.02
-0.02 -0.02
-0.02 -0.02
-0.02 -0.02
-0.01 -0.02
-0.01 -0.02
-0.01 -0.01
-0.01 -0.01
0.01 0.01
0.01 0.01
0.02 0.01
0.02 0.02
0.02 0.02
0.02 0.02
0.02 0.02
0.02 0.02
0.02 0.03
0.02 0.03
0.03 0.03
0.03 0.03
0.03 0.03
0.03 0.05
0.02 0.05
0.02 0.05
0.02 0.05
0.02 0.06
0.02 0.06
0.02 0.06
0.02 0.06
0.02 0.07
0.02 0.07
0.01 0.07
0.01 0.07
0.01 0.07
0.00 0.07
0.00 0.08
0.00 0.08
-0.00 0.08
-0.01 0.08
-0.01 0.08
-0.01 0.08
-0.01 0.08
-0.02 0.08
-0.02 0.08
-0.02 0.08
-0.02 0.09
-0.03 0.09
-0.03 0.09
-0.03 0.09
-0.03 0.09
-0.04 0.09
-0.04 0.09
-0.04 0.09
-0.04 0.09
-0.05 0.09
-0.05 0.10
-0.05 0.10
-0.05 0.10
-0.05 0.10
-0.06 0.10
-0.06 0.10
-0.06 0.10
-0.06 0.10
-0.06 0.10
-0.07 0.10
-0.07 0.11
-0.07 0.11
-0.08 0.11
-0.08 0.12
-0.08 0.12
-0.08 0.13
-0.08 0.13
-0.08 0.14
-0.07 0.14
-0.07 0.14
-0.07 0.15
-0.07 0.15
-0.06 0.16
-0.06 0.16
-0.06 0.16
-0.06 0.17
-0.05 0.17
-0.05 0.17
-0.05 0.17
-0.05 0.17
-0.04 0.18
-0.04 0.18
-0.04 0.18
-0.03 0.18
-0.03 0.18
-0.02 0.18
-0.02 0.18
-0.00 0.18
0.00 0.18
0.01 0.18
0.02 0.18
0.03 0.18
0.03 0.18
0.04 0.18
0.04 0.17
0.04 0.17
0.05 0.17
0.05 0.17
0.05 0.17
0.06 0.17
0.06 0.17
0.07 0.17
0.07 0.17
0.07 0.17
0.08 0.16
0.09 0.16
0.09 0.17
0.10 0.17
0.10 0.17
0.10 0.17
0.10 0.17
0.11 0.17
0.11 0.18
0.11 0.18
0.12 0.19
0.12 0.19
0.12 0.19
0.12 0.20
0.12 0.20
0.12 0.20
0.12 0.20
0.12 0.21
0.13 0.21
0.13 0.23
0.12 0.23
0.12 0.23
0.12 0.23
0.12 0.24
0.12 0.24
0.12 0.24
0.10 0.26
0.10 0.26
0.09 0.27
0.09 0.27
0.09 0.27
0.09 0.27
0.08 0.27
0.08 0.27
0.08 0.27
0.08 0.27
0.08 0.27
0.07 0.27
0.07 0.28
0.07 0.28
0.07 0.28
0.07 0.28
0.06 0.28
0.06 0.28
0.06 0.28
0.06 0.28
0.06 0.28
0.05 0.28
0.05 0.29
0.05 0.29
0.05 0.29
0.04 0.29
0.04 0.29
0.04 0.29
0.04 0.29
0.04 0.29
0.03 0.29
0.03 0.29
0.03 0.30
0.02 0.30
0.02 0.30
0.02 0.30
0.02 0.30
0.01 0.30
0.01 0.30
0.00 0.30
-0.00 0.30
-0.02 0.30
-0.02 0.30
-0.03 0.30
-0.03 0.30
-0.03 0.30
-0.04 0.30
-0.04 0.30
-0.04 0.30
-0.04 0.30
-0.04 0.29
-0.05 0.29
-0.05 0.29
-0.05 0.29
-0.06 0.28
-0.06 0.28
-0.07 0.27
-0.07 0.27
-0.08 0.27
-0.08 0.27
-0.08 0.27
-0.08 0.27
-0.09 0.26
-0.09 0.26
-0.09 0.26
-0.09 0.26
-0.09 0.26
-0.10 0.26
-0.10 0.26
-0.10 0.26
-0.10 0.26
-0.11 0.26
-0.12 0.26
-0.12 0.26
-0.12 0.26
-0.13 0.26
-0.13 0.27
-0.13 0.27
-0.13 0.27
-0.14 0.27
-0.14 0.27
-0.14 0.27
-0.14 0.27
-0.15 0.27
-0.16 0.28
-0.16 0.29
-0.15 0.29
-0.15 0.29
-0.15 0.30
-0.15 0.30
-0.14 0.30
-0.14 0.31
-0.14 0.31
-0.14 0.31
-0.12 0.33
-0.12 0.33
-0.12 0.34
-0.12 0.34
-0.11 0.34
-0.11 0.35
-0.11 0.35
-0.11 0.35
-0.11 0.36
-0.11 0.36
-0.13 0.37
-0.13 0.37
-0.13 0.38
-0.13 0.38
-0.14 0.38
-0.14 0.38
-0.14 0.38
-0.14 0.38
-0.15 0.38
-0.15 0.38
-0.15 0.39
-0.15 0.39
-0.16 0.39
-0.16 0.39
-0.16 0.39
-0.16 0.39
-0.16 0.39
-0.17 0.39
-0.17 0.40
-0.17 0.40
-0.17 0.40
-0.18 0.40
-0.18 0.40
-0.18 0.40
-0.18 0.41
-0.19 0.41
-0.19 0.41
-0.19 0.41
-0.19 0.41
-0.20 0.41
-0.20 0.41
-0.20 0.41
-0.21 0.42
-0.21 0.42
-0.21 0.42
-0.21 0.43
-0.21 0.43
-0.21 0.44
-0.21 0.44
-0.21 0.44
-0.20 0.45
-0.20 0.45
-0.20 0.45
-0.20 0.45
-0.20 0.45
-0.19 0.45
-0.19 0.45
-0.18 0.45
-0.18 0.45
-0.16 0.45
-0.15 0.45
-0.15 0.45
-0.15 0.45
-0.14 0.45
-0.14 0.44
-0.13 0.44
-0.13 0.44
-0.13 0.44
-0.12 0.44
-0.12 0.44
-0.12 0.44
-0.11 0.44
-0.11 0.44
-0.11 0.44
-0.10 0.43
-0.10 0.43
-0.10 0.43
-0.09 0.43
-0.09 0.43
-0.09 0.43
-0.08 0.43
-0.08 0.43
-0.08 0.43
-0.07 0.43
-0.07 0.42
-0.05 0.42
-0.05 0.43
-0.05 0.43
-0.05 0.43
-0.05 0.43
-0.04 0.43
-0.04 0.44
-0.04 0.44
-0.04 0.45
-0.04 0.45
-0.04 0.45
-0.03 0.45
-0.03 0.46
-0.03 0.46
-0.03 0.46
-0.03 0.47
-0.03 0.47
-0.03 0.47
-0.03 0.48
-0.03 0.48
-0.03 0.48
-0.02 0.49
-0.02 0.49
-0.02 0.49
-0.02 0.50
-0.02 0.50
-0.02 0.50
-0.02 0.51
-0.02 0.51
-0.02 0.51
-0.02 0.52
-0.01 0.52
-0.01 0.53
-0.01 0.53
-0.01 0.54
-0.01 0.54
-0.01 0.58
-0.01 0.58
-0.01 0.59
-0.01 0.59
-0.01 0.59
-0.02 0.59
-0.02 0.60
-0.02 0.60
-0.02 0.60
-0.02 0.60
-0.02 0.61
-0.02 0.61
-0.02 0.61
-0.02 0.61
-0.02 0.61
-0.03 0.62
-0.03 0.62
-0.03 0.62
-0.03 0.62
-0.04 0.63
-0.04 0.63
-0.04 0.64
-0.04 0.64
-0.07 0.67
-0.07 0.67
-0.08 0.68
-0.08 0.68
-0.09 0.68
-0.09 0.68
-0.10 0.69
-0.10 0.69
-0.10 0.69
-0.10 0.69
-0.11 0.70
-0.11 0.70
-0.11 0.70
-0.12 0.70
-0.12 0.70
-0.12 0.70
-0.12 0.71
-0.13 0.71
-0.13 0.71
-0.13 0.71
-0.13 0.71
-0.14 0.71
-0.14 0.71
-0.14 0.71
-0.14 0.72
-0.14 0.72
-0.15 0.72
-0.15 0.72
-0.15 0.72
-0.15 0.72
-0.15 0.72
-0.16 0.72
-0.16 0.72
-0.16 0.72
-0.16 0.73
-0.16 0.73
-0.17 0.73
-0.17 0.73
-0.17 0.73
-0.17 0.73
-0.18 0.73
-0.18 0.73
-0.18 0.73
-0.18 0.73
-0.19 0.74
-0.19 0.74
-0.19 0.74
-0.20 0.74
-0.20 0.74
-0.20 0.74
-0.20 0.74
-0.21 0.74
-0.21 0.74
-0.22 0.74
-0.22 0.75
-0.22 0.75
-0.23 0.75
-0.23 0.75
-0.23 0.75
-0.24 0.75
-0.24 0.75
-0.26 0.75
-0.26 0.75
-0.26 0.75
-0.27 0.75
-0.28 0.75
-0.28 0.75
-0.29 0.75
-0.30 0.75
-0.30 0.75
-0.31 0.75
-0.31 0.75
-0.31 0.74
-0.32 0.74
-0.32 0.74
-0.33 0.74
-0.33 0.74
-0.33 0.74
-0.34 0.74
-0.34 0.74
-0.34 0.74
-0.35 0.74
-0.35 0.73
-0.35 0.73
-0.35 0.73
-0.36 0.73
-0.36 0.73
-0.36 0.73
-0.36 0.73
-0.36 0.73
-0.37 0.72
-0.37 0.72
-0.38 0.71
-0.38 0.71
-0.39 0.70
-0.39 0.70
-0.42 0.68
-0.42 0.68
-0.42 0.67
-0.43 0.67
-0.43 0.67
-0.44 0.67
-0.44 0.67
-0.44 0.67
-0.45 0.68
-0.45 0.68
-0.45 0.68
-0.46 0.68
-0.46 0.68
-0.47 0.68
-0.47 0.68
-0.49 0.68
-0.49 0.68
-0.50 0.68
-0.50 0.68
-0.50 0.68
-0.50 0.68
-0.51 0.68
-0.51 0.67
-0.51 0.67
-0.52 0.67
-0.52 0.67
-0.52 0.66
-0.52 0.66
-0.52 0.66
-0.52 0.66
-0.53 0.66
-0.53 0.65
-0.53 0.65
-0.53 0.65
-0.53 0.65
-0.53 0.64
-0.53 0.63
-0.53 0.62
-0.53 0.62
-0.53 0.60
-0.54 0.60
-0.54 0.60
-0.54 0.60
-0.54 0.59
-0.54 0.59
-0.54 0.59
-0.55 0.58
-0.55 0.58
-0.56 0.57
-0.56 0.57
-0.57 0.56
-0.57 0.56
-0.58 0.56
-0.58 0.56
-0.58 0.55
-0.58 0.55
-0.59 0.55
-0.59 0.55
-0.59 0.55
-0.59 0.55
-0.59 0.55
-0.60 0.55
-0.60 0.54
-0.60 0.54
-0.60 0.54
-0.61 0.54
-0.61 0.54
-0.62 0.54
-0.62 0.54
-0.63 0.54
-0.63 0.54
-0.64 0.54
-0.64 0.54
-0.64 0.54
-0.65 0.55
-0.65 0.55
-0.65 0.55
-0.65 0.55
-0.65 0.56
-0.65 0.57
-0.65 0.57
-0.65 0.58
-0.65 0.58
-0.65 0.59
-0.65 0.59
-0.65 0.59
-0.65 0.60
-0.65 0.60
-0.64 0.60
-0.64 0.61
-0.64 0.61
-0.64 0.61
-0.64 0.61
-0.64 0.62
-0.64 0.62
-0.64 0.62
-0.64 0.62
-0.64 0.62
-0.63 0.63
-0.63 0.63
-0.63 0.63
-0.63 0.63
-0.63 0.64
-0.63 0.64
-0.62 0.65
-0.62 0.65
-0.62 0.65
-0.61 0.65
-0.61 0.65
-0.61 0.65
-0.61 0.65
-0.60 0.65
-0.60 0.66
-0.60 0.66
-0.60 0.66
-0.60 0.66
-0.59 0.66
-0.59 0.66
-0.59 0.66
-0.59 0.66
-0.59 0.66
-0.58 0.66
-0.58 0.67
-0.58 0.67
-0.58 0.67
-0.58 0.67
-0.57 0.67
-0.57 0.67
-0.57 0.67
-0.57 0.67
-0.56 0.68
-0.56 0.68
-0.55 0.69
-0.54 0.69
-0.53 0.70
-0.53 0.70
-0.53 0.70
-0.53 0.70
-0.52 0.71
-0.52 0.71
-0.52 0.71
-0.52 0.71
-0.51 0.71
-0.51 0.71
-0.51 0.72
-0.51 0.72
-0.50 0.72
-0.50 0.72
-0.50 0.72
-0.50 0.72
-0.49 0.73
-0.49 0.73
-0.49 0.73
-0.49 0.73
-0.48 0.73
-0.48 0.73
-0.48 0.74
-0.48 0.74
-0.47 0.74
-0.47 0.74
-0.47 0.74
-0.47 0.74
-0.47 0.74
-0.46 0.74
-0.46 0.74
-0.46 0.74
-0.46 0.75
-0.45 0.75
-0.45 0.75
-0.45 0.75
-0.44 0.76
-0.44 0.77
-0.43 0.77
-0.43 0.78
-0.44 0.79
-0.44 0.79
-0.44 0.79
-0.44 0.79
-0.45 0.79
-0.45 0.79
-0.45 0.79
-0.47 0.79
-0.47 0.79
-0.48 0.79
-0.48 0.79
-0.48 0.79
-0.49 0.79
-0.49 0.79
-0.49 0.78
-0.50 0.78
-0.50 0.78
-0.50 0.78
-0.50 0.78
-0.51 0.78
-0.51 0.78
-0.51 0.78
-0.52 0.78
-0.52 0.78
-0.52 0.77
-0.52 0.77
-0.53 0.77
-0.53 0.77
-0.53 0.77
-0.53 0.77
-0.54 0.77
-0.54 0.77
-0.54 0.77
-0.54 0.77
-0.54 0.76
-0.55 0.76
-0.55 0.76
-0.55 0.76
-0.55 0.76
-0.55 0.76
-0.56 0.76
-0.56 0.76
-0.56 0.76
-0.56 0.76
-0.57 0.75
-0.57 0.75
-0.57 0.75
-0.57 0.75
-0.57 0.75
-0.58 0.75
-0.58 0.75
-0.58 0.75
-0.58 0.75
-0.58 0.75
-0.59 0.74
-0.59 0.74
-0.59 0.74
-0.59 0.74
-0.59 0.74
-0.60 0.74
-0.60 0.74
-0.60 0.74
-0.60 0.74
-0.60 0.74
-0.61 0.73
-0.61 0.73
-0.61 0.73
-0.61 0.73
-0.61 0.73
-0.62 0.73
-0.62 0.73
-0.62 0.73
-0.62 0.73
-0.62 0.73
-0.63 0.72
-0.63 0.72
-0.63 0.72
-0.63 0.72
-0.64 0.72
-0.64 0.72
-0.64 0.72
-0.64 0.72
-0.64 0.72
-0.65 0.72
-0.65 0.71
-0.65 0.71
-0.66 0.70
-0.66 0.70
-0.67 0.70
-0.67 0.70
-0.68 0.69
-0.68 0.69
-0.68 0.69
-0.69 0.69
-0.71 0.67
-0.71 0.66
-0.71 0.66
-0.71 0.65
-0.72 0.65
-0.72 0.65
-0.72 0.64
-0.72 0.64
-0.74 0.63
-0.74 0.63
-0.75 0.61
-0.75 0.61
-0.76 0.60
-0.76 0.60
-0.76 0.59
-0.76 0.59
-0.77 0.59
-0.77 0.59
-0.77 0.58
-0.77 0.58
-0.78 0.58
-0.78 0.57
-0.78 0.57
-0.78 0.57
-0.78 0.57
-0.78 0.57
-0.78 0.56
-0.78 0.56
-0.79 0.56
-0.79 0.56
-0.79 0.55
-0.79 0.55
-0.79 0.55
-0.79 0.55
-0.79 0.55
-0.79 0.54
-0.79 0.54
-0.79 0.54
-0.80 0.54
-0.80 0.54
-0.80 0.53
-0.80 0.53
-0.80 0.53
-0.80 0.53
-0.80 0.53
-0.80 0.52
-0.81 0.52
-0.81 0.52
-0.81 0.52
-0.81 0.51
-0.81 0.51
-0.81 0.51
-0.81 0.51
-0.81 0.51
-0.81 0.50
-0.81 0.50
-0.82 0.50
-0.82 0.50
-0.82 0.49
-0.82 0.49
-0.82 0.49
-0.82 0.49
-0.83 0.48
-0.83 0.48
-0.83 0.48
-0.83 0.47
-0.84 0.47
-0.84 0.47
-0.84 0.46
-0.84 0.46
-0.84 0.46
-0.84 0.46
-0.85 0.45
-0.85 0.45
-0.85 0.45
-0.85 0.45
-0.85 0.44
-0.85 0.44
-0.85 0.44
-0.85 0.44
-0.86 0.44
-0.86 0.43
-0.86 0.43
-0.86 0.43
-0.86 0.43
-0.86 0.43
-0.86 0.42
-0.86 0.42
-0.86 0.42
-0.86 0.42
-0.87 0.42
-0.87 0.41
-0.87 0.41
-0.87 0.41
-0.87 0.41
-0.87 0.41
-0.87 0.40
-0.87 0.40
-0.87 0.40
-0.87 0.40
-0.88 0.40
-0.88 0.39
-0.88 0.39
-0.88 0.39
-0.88 0.39
-0.88 0.38
-0.88 0.38
-0.88 0.38
-0.88 0.38
-0.88 0.37
-0.89 0.37
-0.89 0.37
-0.89 0.36
-0.89 0.36
-0.89 0.36
-0.89 0.35
-0.89 0.35
-0.89 0.35
-0.89 0.35
-0.89 0.34
-0.90 0.34
-0.90 0.33
-0.90 0.33
-0.90 0.33
-0.90 0.32
-0.90 0.32
-0.90 0.32
-0.90 0.31
-0.90 0.31
-0.90 0.30
-0.91 0.30
-0.91 0.30
-0.91 0.29
-0.91 0.29
-0.91 0.29
-0.91 0.28
-0.91 0.28
-0.91 0.27
-0.91 0.27
-0.91 0.26
-0.92 0.26
-0.92 0.25
-0.92 0.25
-0.92 0.24
-0.92 0.24
-0.92 0.23
-0.92 0.23
-0.92 0.23
-0.92 0.22
-0.92 0.22
-0.93 0.21
-0.93 0.21
-0.93 0.21
-0.93 0.20
-0.93 0.20
-0.93 0.19
-0.93 0.19
-0.93 0.18
-0.93 0.17
-0.93 0.16
-0.94 0.16
-0.94 0.15
-0.94 0.14
-0.94 0.11
-0.94 0.11
-0.94 0.10
-0.94 0.10
-0.94 0.07
-0.94 0.07
-0.94 0.06
-0.93 0.05
-0.93 0.04
-0.93 0.04
-0.93 0.03
-0.93 0.03
-0.93 0.03
-0.93 0.02
-0.93 0.02
-0.93 0.02
-0.93 0.01
-0.92 0.01
-0.92 0.01
-0.92 0.01
-0.92 0.00
-0.92 0.00
-0.92 -0.00
-0.92 -0.00
-0.92 -0.01
-0.92 -0.01
-0.92 -0.01
-0.91 -0.01
-0.91 -0.02
-0.91 -0.02
-0.91 -0.03
-0.91 -0.03
-0.91 -0.04
-0.91 -0.04
-0.91 -0.05
-0.91 -0.05
-0.91 -0.06
-0.90 -0.06
-0.90 -0.07
-0.90 -0.07
-0.90 -0.08
-0.90 -0.08
-0.90 -0.10
-0.90 -0.10
-0.90 -0.11
-0.90 -0.11
-0.90 -0.12
-0.89 -0.12
-0.89 -0.13
-0.89 -0.13
-0.89 -0.13
-0.89 -0.14
-0.89 -0.14
-0.89 -0.14
-0.89 -0.14
-0.89 -0.15
-0.89 -0.15
-0.88 -0.15
-0.88 -0.16
-0.88 -0.16
-0.88 -0.16
-0.88 -0.16
-0.88 -0.17
-0.88 -0.17
-0.88 -0.17
-0.88 -0.17
-0.88 -0.18
-0.87 -0.18
-0.87 -0.18
-0.87 -0.18
-0.87 -0.19
-0.87 -0.19
-0.87 -0.19
-0.87 -0.19
-0.87 -0.19
-0.87 -0.20
-0.87 -0.20
-0.86 -0.20
-0.86 -0.20
-0.86 -0.21
-0.86 -0.21
-0.86 -0.21
-0.86 -0.21
-0.85 -0.22
-0.85 -0.22
-0.85 -0.22
-0.85 -0.22
-0.85 -0.23
-0.85 -0.23
-0.84 -0.23
-0.84 -0.23
-0.84 -0.24
-0.84 -0.24
-0.84 -0.24
-0.84 -0.25
-0.83 -0.25
-0.83 -0.25
-0.83 -0.26
-0.83 -0.26
-0.83 -0.26
-0.83 -0.26
-0.82 -0.27
-0.82 -0.27
-0.82 -0.27
-0.82 -0.27
-0.82 -0.27
-0.82 -0.28
-0.81 -0.28
-0.81 -0.28
-0.81 -0.28
-0.81 -0.29
-0.81 -0.29
-0.81 -0.29
-0.81 -0.29
-0.81 -0.29
-0.80 -0.30
-0.80 -0.30
-0.80 -0.30
-0.80 -0.30
-0.80 -0.31
-0.80 -0.31
-0.79 -0.31
-0.79 -0.32
-0.78 -0.33
-0.78 -0.33
-0.77 -0.33
-0.77 -0.33
-0.77 -0.34
-0.77 -0.34
-0.77 -0.34
-0.76 -0.34
-0.76 -0.34
-0.76 -0.34
-0.76 -0.34
-0.76 -0.34
-0.75 -0.34
-0.74 -0.34
-0.73 -0.34
-0.73 -0.34
-0.73 -0.34
-0.72 -0.34
-0.72 -0.34
-0.71 -0.34
-0.71 -0.34
-0.71 -0.34
-0.70 -0.33
-0.70 -0.33
-0.70 -0.33
-0.70 -0.33
-0.69 -0.33
-0.69 -0.33
-0.69 -0.33
-0.69 -0.33
-0.69 -0.33
-0.68 -0.33
-0.68 -0.32
-0.68 -0.32
-0.68 -0.32
-0.67 -0.32
-0.67 -0.32
-0.67 -0.32
-0.66 -0.32
-0.66 -0.32
-0.66 -0.32
-0.66 -0.32
-0.65 -0.31
-0.65 -0.31
-0.65 -0.31
-0.64 -0.31
-0.64 -0.31
-0.64 -0.31
-0.64 -0.31
-0.63 -0.31
-0.63 -0.31
-0.63 -0.31
-0.63 -0.30
-0.62 -0.30
-0.62 -0.30
-0.62 -0.30
-0.62 -0.30
-0.61 -0.30
-0.61 -0.30
-0.60 -0.30
-0.59 -0.30
-0.59 -0.30
-0.59 -0.31
-0.59 -0.31
-0.58 -0.31
-0.58 -0.32
-0.58 -0.32
-0.58 -0.32
-0.57 -0.32
-0.57 -0.33
-0.57 -0.33
-0.57 -0.33
-0.57 -0.33
-0.57 -0.34
-0.57 -0.34
-0.57 -0.34
-0.57 -0.34
-0.57 -0.35
-0.56 -0.35
-0.56 -0.36
-0.56 -0.36
-0.56 -0.37
-0.56 -0.37
-0.56 -0.37
-0.57 -0.38
-0.57 -0.38
-0.57 -0.38
-0.57 -0.38
-0.58 -0.39
-0.58 -0.39
-0.59 -0.40
-0.59 -0.40
-0.59 -0.40
-0.60 -0.40
-0.60 -0.41
-0.60 -0.41
-0.61 -0.42
-0.61 -0.42
-0.61 -0.42
-0.61 -0.42
-0.61 -0.42
-0.61 -0.43
-0.61 -0.43
-0.61 -0.44
-0.61 -0.44
-0.61 -0.45
-0.62 -0.45
-0.62 -0.46
-0.61 -0.46
-0.61 -0.47
-0.61 -0.48
-0.61 -0.48
-0.61 -0.48
-0.61 -0.49
-0.61 -0.49
-0.61 -0.50
-0.61 -0.50
-0.61 -0.50
-0.60 -0.50
-0.60 -0.51
-0.60 -0.51
-0.60 -0.51
-0.60 -0.51
-0.60 -0.51
-0.60 -0.52
-0.60 -0.52
-0.60 -0.52
-0.60 -0.52
-0.59 -0.52
-0.59 -0.53
-0.59 -0.53
-0.59 -0.53
-0.59 -0.54
-0.59 -0.54
-0.58 -0.54
-0.58 -0.54
-0.58 -0.55
-0.58 -0.55
-0.57 -0.56
-0.57 -0.56
-0.55 -0.58
-0.55 -0.58
-0.54 -0.59
-0.54 -0.59
-0.54 -0.59
-0.54 -0.59
-0.53 -0.59
-0.53 -0.59
-0.53 -0.59
-0.52 -0.59
-0.52 -0.59
-0.51 -0.59
-0.50 -0.59
-0.50 -0.59
-0.49 -0.59
-0.49 -0.59
-0.48 -0.59
-0.48 -0.59
-0.47 -0.59
-0.47 -0.58
-0.46 -0.58
-0.46 -0.58
-0.46 -0.58
-0.45 -0.58
-0.45 -0.58
-0.45 -0.58
-0.45 -0.58
-0.45 -0.58
-0.45 -0.57
-0.44 -0.57
-0.44 -0.57
-0.44 -0.57
-0.44 -0.57
-0.44 -0.57
-0.43 -0.57
-0.43 -0.57
-0.43 -0.56
-0.43 -0.56
-0.42 -0.56
-0.42 -0.56
-0.42 -0.56
-0.41 -0.56
-0.41 -0.55
-0.40 -0.55
-0.40 -0.54
-0.39 -0.54
-0.38 -0.53
-0.37 -0.53
-0.36 -0.53
-0.36 -0.54
-0.36 -0.54
-0.36 -0.54
-0.36 -0.54
-0.36 -0.60
-0.36 -0.60
-0.36 -0.60
-0.36 -0.60
-0.36 -0.60
-0.34 -0.62
-0.34 -0.62
-0.34 -0.62
-0.34 -0.62
-0.33 -0.63
-0.33 -0.63
-0.33 -0.63
-0.33 -0.63
-0.32 -0.63
-0.32 -0.63
-0.32 -0.63
-0.32 -0.63
-0.31 -0.64
