0.76 -0.25
0.76 -0.25
0.79 -0.25
0.79 -0.25
0.79 -0.25
0.79 -0.25
0.80 -0.25
0.80 -0.24
0.80 -0.24
0.81 -0.23
0.81 -0.23
0.82 -0.22
0.82 -0.22
0.82 -0.22
0.82 -0.21
0.83 -0.21
0.83 -0.21
0.83 -0.20
0.83 -0.20
0.84 -0.20
0.84 -0.20
0.84 -0.19
0.84 -0.19
0.85 -0.18
0.85 -0.18
0.85 -0.18
0.85 -0.18
0.85 -0.17
0.85 -0.17
0.85 -0.17
0.85 -0.17
0.86 -0.17
0.86 -0.16
0.86 -0.16
0.86 -0.16
0.86 -0.16
0.86 -0.15
0.86 -0.15
0.86 -0.15
0.86 -0.14
0.86 -0.14
0.87 -0.14
0.87 -0.13
0.87 -0.13
0.87 -0.13
0.87 -0.13
0.87 -0.12
0.87 -0.12
0.87 -0.12
0.87 -0.11
0.87 -0.11
0.88 -0.11
0.88 -0.10
0.88 -0.10
0.88 -0.09
0.88 -0.09
0.88 -0.07
0.88 -0.07
0.88 -0.06
0.88 -0.06
0.88 -0.04
0.89 -0.03
0.89 0.00
0.89 0.00
0.89 0.03
0.89 0.03
0.89 0.06
0.88 0.06
0.88 0.07
0.88 0.07
0.88 0.08
0.88 0.08
0.88 0.09
0.88 0.09
0.88 0.10
0.88 0.10
0.88 0.10
0.87 0.11
0.87 0.11
0.87 0.11
0.87 0.12
0.87 0.12
0.87 0.12
0.87 0.12
0.87 0.12
0.87 0.13
0.87 0.13
0.86 0.13
0.86 0.13
0.86 0.13
0.86 0.14
0.86 0.14
0.86 0.14
0.84 0.16
0.84 0.16
0.83 0.16
0.83 0.16
0.83 0.17
0.83 0.17
0.82 0.17
0.82 0.17
0.82 0.17
0.82 0.17
0.81 0.18
0.81 0.18
0.81 0.18
0.81 0.18
0.81 0.18
0.80 0.18
0.80 0.18
0.80 0.18
0.80 0.19
0.79 0.19
0.79 0.19
0.79 0.19
0.79 0.19
0.79 0.19
0.78 0.19
0.78 0.19
0.78 0.20
0.78 0.20
0.77 0.20
0.77 0.20
0.77 0.20
0.77 0.20
0.76 0.20
0.76 0.20
0.76 0.21
0.76 0.21
0.75 0.21
0.75 0.21
0.75 0.22
0.74 0.22
0.74 0.22
0.74 0.22
0.73 0.23
0.73 0.23
0.72 0.23
0.72 0.23
0.71 0.25
0.71 0.25
0.70 0.25
0.70 0.25
0.69 0.26
0.69 0.26
0.69 0.27
0.69 0.27
0.69 0.27
0.69 0.27
0.68 0.28
0.68 0.28
0.68 0.28
0.68 0.28
0.68 0.29
0.68 0.29
0.68 0.29
0.68 0.29
0.67 0.29
0.67 0.30
0.67 0.30
0.67 0.30
0.67 0.30
0.67 0.30
0.67 0.31
0.67 0.31
0.67 0.31
0.67 0.31
0.66 0.31
0.66 0.32
0.66 0.32
0.66 0.32
0.66 0.32
0.66 0.32
0.66 0.33
0.66 0.33
0.66 0.33
0.66 0.33
0.65 0.34
0.65 0.34
0.65 0.34
0.65 0.34
0.65 0.34
0.65 0.35
0.65 0.35
0.65 0.35
0.65 0.35
0.65 0.36
0.64 0.36
0.64 0.36
0.64 0.36
0.64 0.37
0.63 0.37
0.63 0.37
0.63 0.38
0.63 0.38
0.62 0.39
0.62 0.39
0.61 0.41
0.60 0.41
0.60 0.41
0.60 0.41
0.59 0.41
0.59 0.41
0.59 0.42
0.59 0.42
0.58 0.42
0.58 0.42
0.58 0.42
0.58 0.42
0.58 0.42
0.57 0.42
0.57 0.43
0.57 0.43
0.56 0.43
0.56 0.43
0.56 0.43
0.51 0.43
0.51 0.43
0.51 0.43
0.51 0.43
0.50 0.43
0.50 0.43
0.49 0.43
0.49 0.43
0.49 0.43
0.49 0.42
0.48 0.42
0.48 0.42
0.47 0.42
0.47 0.42
0.46 0.42
0.46 0.42
0.43 0.42
0.43 0.42
0.42 0.42
0.42 0.42
0.41 0.42
0.41 0.42
0.41 0.42
0.41 0.43
0.41 0.43
0.40 0.43
0.40 0.43
0.39 0.44
0.39 0.44
0.39 0.44
0.39 0.45
0.39 0.45
0.39 0.46
0.39 0.46
0.39 0.47
0.39 0.47
0.39 0.48
0.38 0.49
0.38 0.49
0.38 0.49
0.38 0.50
0.38 0.50
0.38 0.50
0.38 0.50
0.38 0.51
0.38 0.51
0.38 0.51
0.37 0.51
0.37 0.51
0.37 0.52
0.37 0.52
0.37 0.52
0.37 0.52
0.36 0.53
0.36 0.53
0.36 0.54
0.36 0.54
0.35 0.54
0.35 0.54
0.35 0.55
0.35 0.55
0.35 0.55
0.35 0.55
0.35 0.56
0.35 0.56
0.34 0.56
0.34 0.56
0.34 0.56
0.34 0.57
0.34 0.57
0.34 0.57
0.34 0.57
0.34 0.57
0.34 0.58
0.34 0.58
0.33 0.58
0.33 0.58
0.33 0.59
0.33 0.59
0.32 0.59
0.32 0.60
0.32 0.60
0.32 0.60
0.32 0.61
0.32 0.61
0.30 0.62
0.30 0.62
0.30 0.63
0.30 0.63
0.29 0.63
0.29 0.63
0.28 0.64
0.28 0.64
0.28 0.64
0.28 0.64
0.27 0.64
0.27 0.64
0.27 0.65
0.26 0.65
0.26 0.65
0.25 0.65
0.24 0.65
0.24 0.65
0.24 0.64
0.24 0.64
0.24 0.64
0.23 0.64
0.23 0.64
0.23 0.64
0.23 0.64
0.22 0.64
0.22 0.63
0.22 0.63
0.21 0.63
0.21 0.63
0.21 0.63
0.20 0.63
0.20 0.62
0.17 0.62
0.17 0.63
0.17 0.63
0.17 0.63
0.16 0.63
0.16 0.63
0.16 0.63
0.16 0.63
0.15 0.63
0.15 0.63
0.15 0.63
0.15 0.64
0.14 0.64
0.14 0.64
0.14 0.64
0.13 0.64
0.13 0.64
0.13 0.64
0.13 0.64
0.12 0.65
0.12 0.65
0.12 0.65
0.11 0.65
0.11 0.65
0.10 0.65
0.10 0.65
0.09 0.65
0.09 0.65
0.08 0.65
0.08 0.65
0.07 0.65
0.07 0.64
0.07 0.64
0.06 0.64
0.06 0.63
0.06 0.63
0.06 0.63
0.06 0.63
0.06 0.63
0.06 0.62
0.06 0.62
0.06 0.62
0.06 0.62
0.05 0.62
0.05 0.61
0.05 0.61
0.05 0.61
0.05 0.61
0.05 0.61
0.05 0.60
0.05 0.60
0.05 0.60
0.05 0.60
0.04 0.60
0.04 0.59
0.04 0.59
0.04 0.59
0.04 0.59
0.04 0.58
0.04 0.58
0.04 0.58
0.04 0.58
0.04 0.57
0.03 0.57
0.03 0.56
0.03 0.56
0.03 0.56
0.03 0.56
0.03 0.55
0.03 0.55
0.03 0.54
0.03 0.54
0.03 0.53
0.02 0.53
0.02 0.52
0.02 0.52
0.02 0.48
0.02 0.48
0.02 0.47
0.03 0.47
0.03 0.46
0.03 0.46
0.03 0.45
0.03 0.45
0.03 0.44
0.03 0.44
0.03 0.44
0.03 0.43
0.03 0.43
0.04 0.43
0.04 0.42
0.04 0.42
0.04 0.42
0.04 0.42
0.04 0.42
0.04 0.41
0.04 0.41
0.04 0.41
0.04 0.41
0.05 0.40
0.05 0.40
0.05 0.40
0.05 0.40
0.05 0.39
0.05 0.39
0.07 0.38
0.07 0.38
0.07 0.37
0.08 0.37
0.08 0.37
0.08 0.37
0.08 0.37
0.09 0.37
0.09 0.36
0.09 0.36
0.09 0.36
0.10 0.36
0.10 0.36
0.10 0.36
0.10 0.36
0.11 0.36
0.11 0.35
0.11 0.35
0.11 0.35
0.12 0.35
0.12 0.35
0.12 0.35
0.12 0.35
0.13 0.35
0.13 0.35
0.13 0.35
0.14 0.34
0.14 0.34
0.14 0.34
0.15 0.34
0.15 0.34
0.15 0.34
0.15 0.34
0.16 0.34
0.16 0.34
0.17 0.34
0.17 0.33
0.18 0.33
0.18 0.33
0.19 0.33
0.19 0.33
0.20 0.33
0.20 0.33
0.20 0.33
0.20 0.33
0.21 0.33
0.21 0.32
0.22 0.32
0.22 0.32
0.23 0.32
0.23 0.32
0.26 0.32
0.26 0.32
0.27 0.32
0.27 0.32
0.27 0.32
0.28 0.33
0.28 0.33
0.30 0.35
0.30 0.35
0.30 0.35
0.31 0.35
0.29 0.33
0.29 0.33
0.29 0.33
0.29 0.32
0.28 0.32
0.28 0.32
0.28 0.31
0.28 0.31
0.27 0.31
0.27 0.31
0.27 0.30
0.27 0.30
0.27 0.30
0.27 0.30
0.27 0.30
0.27 0.29
0.27 0.29
0.27 0.29
0.26 0.29
0.26 0.29
0.26 0.28
0.26 0.28
0.26 0.28
0.26 0.28
0.26 0.28
0.26 0.27
0.26 0.27
0.26 0.27
0.25 0.26
0.25 0.26
0.25 0.26
0.25 0.25
0.25 0.25
0.25 0.22
0.25 0.22
0.25 0.22
0.25 0.22
0.25 0.21
0.26 0.21
0.26 0.20
0.26 0.20
0.26 0.20
0.26 0.19
0.26 0.19
0.26 0.19
0.26 0.18
0.26 0.18
0.26 0.17
0.27 0.17
0.27 0.17
0.27 0.16
0.27 0.16
0.27 0.16
0.27 0.15
0.27 0.15
0.27 0.15
0.27 0.14
0.27 0.14
0.28 0.14
0.28 0.13
0.28 0.13
0.28 0.13
0.28 0.13
0.28 0.12
0.28 0.12
0.28 0.12
0.28 0.12
0.28 0.12
0.29 0.11
0.29 0.11
0.29 0.11
0.29 0.10
0.29 0.10
0.29 0.10
0.29 0.10
0.29 0.10
0.30 0.09
0.30 0.09
0.30 0.08
0.30 0.08
0.33 0.06
0.33 0.06
0.33 0.06
0.33 0.06
0.34 0.05
0.34 0.05
0.34 0.05
0.34 0.05
0.35 0.05
0.35 0.05
0.35 0.05
0.35 0.05
0.36 0.04
0.36 0.04
0.36 0.04
0.37 0.04
0.37 0.04
0.40 0.04
0.40 0.04
0.41 0.04
0.41 0.04
0.42 0.04
0.42 0.04
0.42 0.04
0.42 0.04
0.42 0.04
0.42 0.04
0.42 0.03
0.43 0.03
0.43 0.02
0.43 0.01
0.43 0.01
0.44 0.01
0.44 0.01
0.44 0.00
0.44 0.00
0.44 0.00
0.45 0.00
0.45 -0.00
0.46 -0.00
0.46 0.00
0.47 0.00
0.47 0.00
0.47 0.00
0.48 0.00
0.48 0.00
0.48 0.01
0.48 0.01
0.48 0.01
0.49 0.01
0.49 0.01
0.49 0.01
0.50 0.02
0.50 0.02
0.50 0.03
0.50 0.03
0.51 0.03
0.51 0.03
0.51 0.03
0.51 0.04
0.51 0.04
0.51 0.05
0.51 0.05
0.51 0.06
0.51 0.06
0.51 0.07
0.52 0.07
0.52 0.07
0.52 0.08
0.52 0.08
0.52 0.08
0.52 0.08
0.52 0.09
0.52 0.09
0.52 0.09
0.52 0.09
0.53 0.09
0.53 0.10
0.53 0.10
0.53 0.10
0.53 0.11
0.54 0.11
0.54 0.11
0.54 0.11
0.55 0.11
0.57 0.11
0.57 0.11
0.58 0.11
0.58 0.11
0.59 0.11
0.59 0.11
0.59 0.11
0.60 0.10
0.60 0.10
0.60 0.10
0.60 0.10
0.61 0.10
0.61 0.10
0.61 0.09
0.61 0.09
0.62 0.09
0.62 0.08
0.63 0.08
0.63 0.08
0.63 0.07
0.63 0.07
0.63 0.07
0.63 0.07
0.63 0.06
0.63 0.06
0.64 0.06
0.64 0.06
0.64 0.05
0.64 0.05
0.64 0.05
0.64 0.05
0.64 0.04
0.64 0.04
0.64 0.04
0.64 0.03
0.65 0.03
0.65 0.03
0.65 0.02
0.65 0.01
0.65 0.01
0.65 -0.00
0.65 -0.00
0.65 -0.02
0.65 -0.02
0.65 -0.03
0.66 -0.03
0.66 -0.04
0.66 -0.04
0.66 -0.04
0.66 -0.05
0.66 -0.05
0.66 -0.05
0.66 -0.05
0.66 -0.06
0.66 -0.06
0.67 -0.06
0.67 -0.06
0.67 -0.06
0.67 -0.07
0.67 -0.07
0.67 -0.07
0.67 -0.07
0.67 -0.08
0.67 -0.08
0.67 -0.08
0.68 -0.08
0.68 -0.08
0.68 -0.09
0.68 -0.09
0.69 -0.10
0.69 -0.10
0.70 -0.10
0.70 -0.10
0.70 -0.11
0.71 -0.11
0.71 -0.11
0.71 -0.11
0.72 -0.12
0.72 -0.12
0.72 -0.13
0.73 -0.13
0.73 -0.13
0.73 -0.13
0.73 -0.14
0.73 -0.14
0.73 -0.17
0.73 -0.17
0.73 -0.19
0.73 -0.19
0.73 -0.20
0.73 -0.20
0.73 -0.21
0.73 -0.21
0.73 -0.22
0.73 -0.22
0.73 -0.22
0.74 -0.23
0.74 -0.23
0.74 -0.23
0.74 -0.23
0.75 -0.24
0.75 -0.24
0.75 -0.25
0.75 -0.25
0.76 -0.25
