0.79 0.31
0.79 0.31
0.80 0.31
0.80 0.31
0.80 0.31
0.80 0.32
0.81 0.32
0.81 0.32
0.81 0.32
0.81 0.32
0.81 0.32
0.82 0.32
0.82 0.32
0.83 0.34
0.83 0.34
0.84 0.34
0.84 0.34
0.84 0.35
0.84 0.35
0.84 0.35
0.84 0.36
0.84 0.36
0.84 0.37
0.84 0.37
0.84 0.38
0.84 0.38
0.84 0.38
0.84 0.39
0.84 0.39
0.83 0.39
0.83 0.40
0.83 0.40
0.83 0.40
0.83 0.41
0.83 0.41
0.83 0.41
0.83 0.42
0.83 0.42
0.83 0.42
0.82 0.42
0.82 0.42
0.82 0.43
0.82 0.43
0.82 0.43
0.82 0.43
0.82 0.44
0.82 0.44
0.81 0.44
0.81 0.44
0.81 0.45
0.81 0.45
0.81 0.45
0.81 0.46
0.80 0.46
0.80 0.47
0.79 0.48
0.78 0.48
0.78 0.49
0.77 0.49
0.77 0.49
0.77 0.49
0.77 0.49
0.76 0.49
0.76 0.49
0.76 0.49
0.76 0.50
0.76 0.50
0.75 0.50
0.75 0.50
0.75 0.50
0.74 0.50
0.74 0.50
0.74 0.50
0.73 0.50
0.72 0.50
0.72 0.51
0.71 0.51
0.71 0.50
0.70 0.50
0.70 0.50
0.69 0.50
0.69 0.50
0.69 0.50
0.68 0.49
0.68 0.49
0.67 0.48
0.67 0.48
0.67 0.48
0.67 0.48
0.67 0.47
0.67 0.47
0.67 0.47
0.67 0.46
0.67 0.46
0.67 0.44
0.67 0.44
0.67 0.43
0.67 0.43
0.67 0.43
0.67 0.42
0.67 0.42
0.67 0.42
0.67 0.42
0.68 0.41
0.68 0.41
0.68 0.41
0.68 0.41
0.68 0.40
0.68 0.40
0.69 0.40
0.69 0.40
0.69 0.39
0.69 0.39
0.69 0.39
0.69 0.39
0.70 0.38
0.70 0.38
0.73 0.35
0.73 0.35
0.74 0.34
0.74 0.34
0.75 0.33
0.75 0.33
0.76 0.33
0.76 0.33
0.76 0.32
0.76 0.32
0.77 0.32
0.77 0.32
0.77 0.32
0.77 0.32
0.77 0.32
0.78 0.32
0.78 0.31
